75
62
48
52
48
52
48
52
48
52
48
52
48
52
49
53
50
54
51
55
51
56
50
57
51
56
51
55
51
56
52
56
52
57
52
56
53
56
52
56
52
56
52
56
53
57
52
57
52
56
53
57
52
56
52
58
52
56
53
57
53
57
52
57
53
56
54
56
52
56
52
58
53
56
53
56
53
57
52
57
54
57
52
58
53
57
53
57
53
59
52
57
54
58
53
57
52
57
53
58
54
57
53
56
53
56
53
57
53
57
54
57
52
58
53
57
53
57
52
57
53
58
53
58
54
57
53
58
54
59
53
59
53
58
54
58
54
57
54
57
54
58
54
58
54
58
53
60
53
59
52
58
54
58
54
57
55
57
53
58
54
58
55
58
54
58
52
58
54
58
55
57
55
58
53
58
53
59
53
58
54
58
53
59
53
59
55
58
54
59
53
60
52
61
53
59
54
58
54
60
53
59
54
60
54
58
54
58
55
58
55
59
53
59
54
60
54
58
54
60
54
58
55
58
56
58
55
58
54
58
55
60
55
59
54
58
54
59
55
59
54
60
55
59
54
59
54
59
56
58
54
60
54
59
54
60
54
58
56
58
55
58
55
59
54
59
56
59
55
60
54
60
55
59
55
60
55
60
55
62
55
60
55
60
55
59
56
59
55
59
55
58
56
59
55
60
55
59
54
60
54
60
57
58
56
59
54
60
55
59
55
60
56
60
55
60
56
60
55
60
55
59
56
59
55
59
55
60
55
61
55
59
57
59
56
60
55
59
56
60
54
61
55
60
55
60
56
60
54
61
55
60
54
59
55
59
56
59
56
60
56
58
56
60
54
60
55
59
55
60
55
60
56
60
56
60
55
60
55
59
55
60
55
60
55
60
54
60
55
61
55
59
57
61
57
59
56
61
56
61
55
60
56
60
55
61
54
61
55
59
57
59
56
59
54
60
55
60
55
60
55
61
55
60
56
60
55
60
57
59
56
60
56
61
55
61
55
61
56
60
57
60
57
61
56
61
55
60
55
62
54
61
56
62
55
60
55
61
55
60
56
60
55
60
57
61
56
60
56
61
56
61
57
60
56
60
56
60
57
61
56
62
56
61
56
61
57
63
56
61
56
60
56
60
55
61
57
60
58
60
57
61
56
61
56
60
57
60
57
61
57
61
57
60
58
61
57
60
57
61
57
61
56
61
57
62
55
62
56
62
56
62
57
61
59
60
56
61
57
61
56
62
56
62
57
61
57
61
56
61
58
60
57
62
56
61
57
61
56
63
57
62
57
61
56
61
57
60
57
61
56
61
57
61
57
62
56
60
58
61
58
60
57
62
57
62
58
61
57
61
59
61
57
62
56
61
57
62
59
61
57
60
58
60
56
62
57
63
56
62
57
61
57
61
57
61
58
61
57
64
56
62
57
61
57
62
57
62
57
62
57
63
56
62
57
62
58
63
58
63
57
62
58
62
56
62
57
63
57
63
58
63
57
62
59
61
58
62
57
63
58
62
57
62
56
61
59
61
60
61
58
62
57
62
57
64
59
62
56
62
57
62
58
63
56
63
56
62
58
62
59
62
58
61
58
61
57
62
57
62
59
61
57
62
58
63
58
63
57
63
56
62
57
62
58
62
57
61
58
62
58
62
58
62
57
64
58
61
57
63
57
63
58
61
60
62
57
62
59
62
58
61
57
61
58
61
58
62
58
62
56
63
57
63
58
62
58
62
57
63
58
62
60
61
58
62
57
62
58
62
58
63
58
62
58
62
57
63
60
62
60
62
57
62
58
61
58
63
57
64
57
61
57
62
58
62
58
62
57
62
56
63
58
62
58
62
56
64
58
62
59
62
58
63
58
64
58
63
58
62
57
63
57
63
59
63
57
62
58
61
59
61
59
63
57
64
58
62
57
63
59
61
57
62
58
63
59
62
59
62
57
64
58
62
57
62
57
62
58
62
58
63
58
64
56
62
58
62
58
63
57
63
58
62
59
61
58
61
59
63
57
63
57
63
58
63
57
63
59
63
59
63
58
62
58
63
57
62
58
63
57
63
57
63
59
62
61
62
58
63
58
63
58
63
58
63
59
64
59
62
58
61
57
64
59
63
58
62
58
62
59
63
57
63
58
64
58
63
57
64
56
63
58
65
57
63
59
64
58
63
59
63
58
63
58
64
58
66
59
63
58
64
57
62
59
63
60
62
57
64
58
62
58
63
59
64
57
65
58
62
58
63
60
62
57
62
58
63
59
62
58
63
58
65
58
64
60
62
57
65
